x=0.227423 f(x)=-3.981684 error=3.772577 n=inf
x=0.566475 f(x)=0.569160 error=0.339051 n=2.409362
x=0.567143 f(x)=0.001048 error=0.000669 n=6.228630
