x=0.000000 f(x)=-786.000000 error=786.000000 n=0.000000
x=0.562500 f(x)=1.000000 error=0.562500 n=0.086301
x=0.567164 f(x)=0.007316 error=0.004664 n=9.329390
