itr=1 x=0.567143 f(x)=0.000000 err=0.008835 n=9.211007
itr=2 x=0.567143 f(x)=0.000000 err=0.000000 n=3.760015
