x=0.000500 f(x)=-9.999955 error=9.999500 n=0.000000
x=0.500125 f(x)=0.999000 error=0.499625 n=0.301362
x=0.566332 f(x)=0.106361 error=0.066207 n=3.912627
x=0.567164 f(x)=0.001304 error=0.000832 n=2.612069
