itr=1 a=0.612714 b=0.563861 c=0.563861 f(c)=0.005180 error=0.126143 
itr=2 a=0.563861 b=0.567192 c=0.567192 f(c)=-0.000042 error=0.068180 
itr=3 a=0.567192 b=0.567165 c=0.567165 f(c)=-0.000000 error=0.008116 
itr=4 a=0.567165 b=0.567165 c=0.567165 f(c)=0.000000 error=0.000598 
